6.871089 1.155904
6.871089 1.155904
20.613266 3.467712
20.613266 3.467712
34.355442 5.779520
34.355442 5.779520
48.097618 8.091327
48.097618 8.091327
51.943066 17.985477
61.839798 10.403135
64.928833 22.481846
75.581970 12.714943
77.914597 26.978214
77.914597 26.978214
89.324150 15.026751
90.900360 31.474585
103.066330 17.338558
103.886131 35.970955
100.135040 54.704029
116.871895 40.467323
111.915634 61.139797
129.857666 44.963692
123.696228 67.575562
123.696228 67.575562
135.476822 74.011337
135.476822 74.011337
147.257416 80.447098
147.257416 80.447098
159.038010 86.882874
159.038010 86.882874
142.874863 112.420082
153.080215 120.450089
153.080215 120.450089
163.285553 128.480087
163.285553 128.480087
173.490906 136.510101
173.490906 136.510101
146.324951 161.071381
183.696243 144.540100
154.686371 170.275452
163.047806 179.479523
163.047806 179.479523
127.301636 198.260544
171.409241 188.683609
133.666718 208.173569
179.770660 197.887680
140.031799 218.086594
188.132080 207.091751
146.396881 227.999634
152.761963 237.912659
152.761963 237.912659
106.293594 248.541428
159.127045 247.825684
110.632111 258.685974
165.492126 257.738708
114.970627 268.830536
171.857208 267.651733
119.309143 278.975067
67.219063 277.731018
123.647652 289.119629
69.619751 287.649963
127.986168 299.264191
72.020432 297.568939
132.324677 309.408722
74.421112 307.487885
20.744640 292.528870
76.821793 317.406860
21.403200 301.815521
79.222473 327.325836
22.061760 311.102142
81.623154 337.244781
22.720320 320.388763
23.378881 329.675415
24.037439 338.962036
24.696001 348.248657
25.354561 357.535309
7.368693 0.184806
7.368693 0.184806
7.479501 0.187585
7.479501 0.187585
7.590308 0.190364
7.590308 0.190364
7.701116 0.193143
55.000275 10.676968
55.000275 10.676968
55.785988 10.829494
55.785988 10.829494
56.571709 10.982023
56.571709 10.982023
57.357426 11.134551
96.577026 36.176369
58.143147 11.287080
97.890999 36.668564
58.928867 11.439608
99.204979 37.160759
99.204979 37.160759
100.518951 37.652954
100.518951 37.652954
101.832924 38.145149
129.178177 74.835381
103.146896 38.637344
130.834305 75.794807
104.460869 39.129539
132.490433 76.754234
134.146576 77.713669
134.146576 77.713669
135.802704 78.673096
135.802704 78.673096
148.016922 122.597534
137.458832 79.632523
149.811066 124.083572
139.114960 80.591949
151.605209 125.569603
147.167023 170.393127
153.399368 127.055641
148.898407 172.397766
155.193497 128.541656
150.629791 174.402390
156.987656 130.027695
152.361160 176.407013
131.922836 217.251877
154.092545 178.411636
133.413483 219.706696
155.823914 180.416260
134.904144 222.161530
134.904144 222.161530
136.394791 224.616333
102.180641 256.530365
137.885452 227.071182
103.291306 259.318726
103.291306 259.318726
104.401962 262.107117
104.401962 262.107117
105.512627 264.895477
61.222488 283.908997
106.623283 267.683868
61.863564 286.881897
61.863564 286.881897
62.504635 289.854767
62.504635 289.854767
63.145710 292.827637
13.560513 296.379517
63.786777 295.800476
13.697488 299.373260
13.697488 299.373260
13.834463 302.367004